190207926
190207928
190207933
190207935
190207940
190207941
190207948
190207950
190207956
190207957
190207964
190207965
190207974
190207975
190207983
190207984
190207993
190207994
190208002
190208003
190208010
190208011
190208017
190208018
190208024
190208025
190208030
190208031
190208036
190208037
190208043
190208044
190208051
190208053
190208059
190208060
190208065
190208066
190208072
190208073
190208078
190208079
190208085
190208086
190208092
190208094
190208099
190208100
190208105
190208106
190208112
190208114
190208120
190208121
190208127
190208128
190208133
190208134
190208140
190208141
190208146
190208147
190208152
190208153
190208161
190208162
190208168
190208169
190208176
190208180
190208189
190208191
190208201
190208202
190208217
190208218
190208230
190208233
190208251
190208254
