190207922
190207924
190207931
190207932
190207938
190207939
190207945
190207947
190207954
190207955
190207961
190207963
190207971
190207973
190207980
190207981
190207989
190207992
190207998
190207999
190208008
190208009
190208015
190208016
190208022
190208023
190208028
190208029
190208034
190208035
190208041
190208042
190208048
190208049
190208057
190208058
190208063
190208064
190208070
190208071
190208076
190208077
190208082
190208083
190208089
190208091
190208097
190208098
190208103
190208104
190208110
190208111
190208117
190208119
190208125
190208126
190208131
190208132
190208138
190208139
190208144
190208145
190208150
190208151
190208157
190208160
190208166
190208167
190208173
190208174
190208186
190208188
190208195
190208197
190208208
190208216
190208225
190208227
190208247
190208249
