190207929
190207930
190207936
190207937
190207942
190207943
190207951
190207953
190207959
190207960
190207966
190207969
190207977
190207978
190207987
190207988
190207995
190207997
190208005
190208006
190208013
190208014
190208019
190208021
190208026
190208027
190208032
190208033
190208038
190208039
190208045
190208046
190208055
190208056
190208061
190208062
190208067
190208069
190208074
190208075
190208080
190208081
190208087
190208088
190208095
190208096
190208101
190208102
190208107
190208108
190208115
190208116
190208122
190208124
190208129
190208130
190208136
190208137
190208142
190208143
190208148
190208149
190208154
190208156
190208164
190208165
190208171
190208172
190208181
190208183
190208192
190208194
190208203
190208205
190208221
190208222
190208241
190208245
190208257
190208258
